Task1:
Execution order: [9, 23, 98, 99, 49, 96, 47, 94, 93, 22, 50, 5, 88, 44, 87, 11, 85, 21, 83, 41, 80, 10, 78, 38, 19, 18, 74, 4, 36, 6, 71, 70, 69, 68, 66, 16, 65, 8, 63, 30, 61, 15, 14, 58, 57, 7, 26, 27, 13, 52, 51, 3, 97, 12, 95, 20, 45, 89, 43, 84, 82, 81, 79, 39, 75, 37, 35, 2, 64, 17, 60, 28, 31, 29, 55, 53, 100, 25, 40, 90, 42, 1, 77, 73, 33, 67, 62, 56, 54, 24, 92, 86, 76, 32, 59, 48, 46, 34, 72, 91]
Average completion time: 10.34

Task2:
Execution order: [2, 66, 60, 98, 48, 3, 94, 47, 93, 22, 90, 11, 50, 89, 87, 86, 85, 42, 83, 41, 81, 40, 77, 39, 9, 44, 74, 37, 19, 18, 35, 70, 69, 68, 67, 16, 64, 32, 63, 62, 61, 15, 58, 29, 57, 14, 27, 54, 53, 52, 24, 51, 49, 96, 46, 92, 45, 88, 10, 21, 4, 80, 36, 38, 73, 72, 71, 34, 17, 5, 30, 28, 31, 6, 55, 26, 100, 13, 95, 91, 84, 82, 79, 75, 1, 33, 7, 59, 12, 25, 8, 23, 78, 65, 56, 97, 43, 20, 99, 76]
Average completion time: 10.34

Task3:

